***** Change List Show *****
[1, 2, 3, 4, 5, 6, 7, 8, 9, 10, 11, 12, 13, 14, 15, 16, 17, 18, 19, 20, 21, 22, 22, 22, 
11, 12, 13, 14, 15, 16, 17, 17, 17, 
8, 9, 10, 11, 12, 12, 12, 
6, 7, 8, 9, 9, 9, 
4, 
2, 2, 2, 2, 2, 3, 4, 5, 6, 7, 8, 9, 10, 11, 12, 13, 14, 14, 14, 
7, 8, 9, 10, 11, 12, 13, 14, 15, 16, 17, 18, 19, 20, 21, 22, 23, 24, 25, 26, 27, 28, 28, 28, 
14, 15, 16, 17, 18, 18, 18, 
9, 10, 11, 12, 12, 12, 
6, 7, 8, 9, 10, 11, 12, 12, 12, 6, 7, 8, 9, 10, 11, 12, 13, 14, 15]

[16, 16, 16, 16, 16, 16, 16, 16, 16, 16, 16, 16, 16, 16, 16, 16, 16, 16, 16, 16, 16, 16, 16, 16, 
11, 11, 11, 11, 11, 11, 11, 11, 11, 
8, 8, 8, 8, 8, 8, 8, 
6, 6, 6, 6, 6, 6, 
4, 
2, 2, 2, 2, 2, 2, 2, 2, 2, 2, 2, 2, 2, 2, 2, 2, 2, 2, 2, 
7, 7, 7, 7, 7, 7, 7, 7, 7, 7, 7, 7, 7, 7, 7, 7, 7, 7, 7, 7, 7, 7, 7, 7, 
14, 14, 14, 14, 14, 14, 14, 
9, 9, 9, 9, 9, 9, 
6, 6, 6, 6, 6, 6, 6, 6, 6, 6, 6, 6, 6, 6, 6, 6, 6, 6, 6]
***** Show End *****